นวัตกรรม
จันทร์คาบที่ 1 
235 , 243 , 214 , 
217 , 228 , 227
238 , 248 , 246 ,
124 , 121 , 216 , 137 , 139 , 215
 126 , 133 , 212 , 244 ,224
225 , 232 , 245

จันทร์คาบที่ 2
212 , 235 ,  127 , 
236 , 227 , 217 , 214
237 , 226  , 238
121,124,215,137,139,216
,126,133,128,213,244
225,232,245,120

จันทร์คาบที่ 3
214,212,127,242
139,236,228
,237,226
213,124,120,213,226
133,245,233,224,218,216
232,225,126

จันทร์คาบที่ 4
-
-
-
243,227,120,213,226
133,212,218,233
225,124

จันทร์คาบที่ 5
242,223,235
236,139,226
-
-
-

จันทร์คาบที่ 6
223,246
242,236,139
234,243,227,
237,224,126,244,225,233
124

จันทร์คาบที่ 7
223
228,214,247
246
245,126,225,233


จันทร์คาบที่ 8
-
228,247
-

244,225


อังคาร คาบที่ 1
223,214,235
217,247,215,127
236,238,139
124,137,120,213,131
123,237,126,224,245,228
232,225,248

อังคาร คาบที่ 2
214,235,127,212
215,217,242,236
226,237,139
124,137,213,121,216
123,126,228,244,226,224
232,225,131

อังคาร คาบที่ 3
212,127,242,223
213,213,227,217
237,226,236
243,215,139,124,224,137
126,123,244,133,216,218
225,131,232

อังคารคาบที่ 4
-
-
-
216,139,243,215,137
126,123,213,133,218,212
124,225

อังคารคาบที่ 5
242,223
236,227,127
246,139,226,248
-
-
-

อังคารคาบที่ 6
235,223,243
244,228,127
226,139,236
121,234,124,137,215
120

อังคารคาบที่ 7
246,235
244,236,228
-
121,139,227,234,243
120

อังคาร คาบที่ 8
-
-
-
139,226,234
-
-

พุธ คาบที่1
,127,212,223
247,216,217
246,226,139,238
215,137,124,227,243
133,228,233,123,126
232,245,225,248

พุธ คาบที่ 2
127,214,212
139,217,216
236,238,246,242
213,137,124,215,234,226
126,237,245,123,218
225,232,248,120

พุธ คาบที่ 3
212,235,214
139,217,247,242
226,237,238,246
234,124,215,137,120
213,133,123,218,126,216

พุธ คาบที่ 4
226,234,216,137,215
224,133,123,212,126,233

พุธ คาบที่ 5
235,223,246
242,214,228
139,226,248,237

พุธ คาบที่ 6
228,236,227
226
243,223,139
233,133,224
120,225

พุธ คาบที่ 7
236,242,227
234,226,243,139
233,244,225,224

พุธ คาบที่ 8
226,247
228,224,244

พฤ คาบที่ 1
235,214,212,223
227,127,217
139,246236
137,121,243,213,215,124
244,228,133,126
224,131,232,245,120

พฤ คาบที่ 2
242,212,127
217,227,228,214
139,236,238
213,121,226,215137,124
237,224,218,133,126
131,248,120,225,232

พฤ คาบที่ 3
212,242,127
228,217,244
238,226,237
215,216,120,139,121
213,233,218,126,214,133
124,232,225

พฤ คาบที่ 4
226,215,120,139,121
228,212,213,126,218,133

พฤ คาบที่ 5
127,223,242
236,139,228
248,226,235

พฤ คาบที่ 6
246,235
228,139,236
242,226
234,227,243,124
245,133,244

พฤ คาบที่ 7
223,243
224,233,228,245

พฤ คาบที่ 8
243,225

ศ คาบที่ 1
127,242,214
213,247,139
236,238
226,223,215,124,234,121
233,237,224,212,216,123
225,245,131,232

ศ คาบที่ 2
127,223,212
247,217,244,139
238,236
215,216,137,124,213,121
237,218,214,126,133,123
245,225,131,248

ศ คาบที่ 3
223,212,127
217,126,236
238,246,226,139
137,243,215,120,213,124,216
214,133,233,133,224,218
248,225

ศ คาบที่ 4
137,243,216,215,124,226
224,228,218,123
225

ศ คาบที่ 5
223
227,235,228
226,139,236,237

ศ คาบที่ 6
235,223
236,228
242,226
139,137,234,243
244,225,133

ศ คาบที่ 7
139,227,234
233,228